# Game Level Exporter v1.0
CAMERA
Camera
<Matrix 4x4 ( 0.6859,  0.0000,  0.7277, 0.0000)
            (-0.3240,  0.8954,  0.3054, 0.0000)
            (-0.6516, -0.4453,  0.6142, 0.0000)
            ( 7.3589,  4.9583, -6.9258, 1.0000)>
MESH
Blacksmith.001
<Matrix 4x4 (0.2000, 0.0000,  0.0000, 0.0000)
            (0.0000, 0.2000, -0.0000, 0.0000)
            (0.0000, 0.0000,  0.2000, 0.0000)
            (1.4269, 0.1164, -0.4483, 1.0000)>
MESH
Inn_Cube.393
<Matrix 4x4 (0.2000, 0.0000,  0.0000, 0.0000)
            (0.0000, 0.2000, -0.0000, 0.0000)
            (0.0000, 0.0000,  0.2000, 0.0000)
            (5.3023, 0.0708, -4.0951, 1.0000)>
MESH
Sawmill_Cube.047
<Matrix 4x4 (0.2000, 0.0000,  0.0000, 0.0000)
            (0.0000, 0.2000, -0.0000, 0.0000)
            (0.0000, 0.0000,  0.2000, 0.0000)
            (2.0920, 0.1164, -0.4560, 1.0000)>
MESH
Platform_BottomLeft
<Matrix 4x4 ( 2.6411,  0.0000,  0.0000, 0.0000)
            ( 0.0000,  0.4476, -0.0000, 0.0000)
            ( 0.0000,  0.0000,  3.4190, 0.0000)
            (-3.2763, -1.2209, -0.4833, 1.0000)>
MESH
Platform_BottomMiddle
<Matrix 4x4 (2.6411,  0.0000,  0.0000, 0.0000)
            (0.0000,  0.4476, -0.0000, 0.0000)
            (0.0000,  0.0000,  3.4190, 0.0000)
            (2.0029, -1.2209, -0.4833, 1.0000)>
MESH
Platform_BottomRight
<Matrix 4x4 (2.6411,  0.0000,  0.0000, 0.0000)
            (0.0000,  0.4476, -0.0000, 0.0000)
            (0.0000,  0.0000,  3.4190, 0.0000)
            (7.2691, -1.2209, -0.4842, 1.0000)>
MESH
Platform_TopLeft
<Matrix 4x4 ( 2.6411,  0.0000,  0.0000, 0.0000)
            ( 0.0000,  0.4476, -0.0000, 0.0000)
            ( 0.0000,  0.0000,  3.4190, 0.0000)
            (-3.2763, -0.3281, -0.4833, 1.0000)>
MESH
Platform_TopMiddle.001
<Matrix 4x4 (2.6411,  0.0000,  0.0000, 0.0000)
            (0.0000,  0.4476, -0.0000, 0.0000)
            (0.0000,  0.0000,  3.4190, 0.0000)
            (2.0029, -0.3281, -0.4833, 1.0000)>
MESH
Platform_TopRight
<Matrix 4x4 (2.6411,  0.0000,  0.0000, 0.0000)
            (0.0000,  0.4476, -0.0000, 0.0000)
            (0.0000,  0.0000,  3.4190, 0.0000)
            (7.2691, -0.3281, -0.4833, 1.0000)>
